QUANTAR3.3 
     327     327       0       0     332       0      20       0
      34       0       0       0       1       2       0       0
       0       5       1       0      20       0       1       0
       0       0       0       3       0       0       0       6
      36       0       1      15       1       0      15     300
       1       5       0       1       0       0       0       0
      52       0       2       0       0      92       1       0
     255     254     254       0       0       1       0       0
       1       0     806       0       0       3       0       1
       0       2       0       0       2       1       1      14
       4      -4       3      -5       4       1       4       0
       0       0       0       0      11      21      31      41
      51       9       9       1      87       0       0       0
       0       0       0       0       0       0       0       0
       0       0     245      -1      22      -1       0       0
       0       0       0       1       0      50       5       0
       0       0       1       0       0       0       3       0
       0     332       3       0       0       0       0       0
       0       0       0       0       0       0       0       0
      15       1       1       1       1       6       1       0
       0       0      10       1       0      50      50  327680
       0       0       0       0       0       0       0       0
       0       0       0       0       0       0       0  327680
       0       0       0       0       0       0       0       0
       0       0       0       0       0       0       0       0
       0       0       0       0       1       1       0       0
       0      42      30       0       0       0       0       2
       0       2       0       1       1       2       4      18
     532     529     784      34      36      32     545      19
     533      64      65      66      68      67      69      70
      71      22      23      39      38      35      37       6
      48      49      50      52      51      53      54      55
       1      58       0       0       0       0       0       0
       0       0       0       0      30       0       0       1
       0    5676    8620       1       1       0       0       0
       0       0      -1       0       0       1       1       1
       1       0       0       0       0       0       0       0
       0       0       0       0       0       0       0       0
       0       0       0       0       0       0       0       0
       0       0       0       0       0       0       0       0
       0       0       0       0       0       0       0       0
       0       0       0       0       0       0       0       0
       0       0       0       0       0       0       0       0
       0       0       0       0       0       0       0       0
       0       0       0       0       0       0       0       0
       0       0       0       0       0       0       0       0
       0       0       0       0       0       0       0       0
       0       0       0       0       0       0       0       0
       0       0       0       0       0       0       0       0
       0       0       0       0       0       0       0       0
   -30.98089   -18.19928    -0.93074     3.00000     3.00000
     0.00000     0.52360     0.30000    15.00000     6.38270
    -1.53124     1.62587     0.00000    -0.00162     8.00000
     6.00000     0.50000     3.50000   100.00000     0.50000
     2.55300   -11.31600     0.26450   -30.98089   -18.19928
    -0.93074     2.55300   -11.31600     0.26450     1.00000
     0.00000     1.00000     0.05000     1.00000     1.00000
    25.00000    10.00000    -0.01000   100.00000     1.00000
     7.00000     0.00000     0.01000     0.00000     0.00000
     0.00000     0.00000     0.00000     0.00000     2.00000
     1.20000     0.00000     0.00000     0.00000     0.00000
     0.00000     0.00000     0.00000     0.00000     0.20000
     0.20000     1.00000     0.00000     0.00000     0.00000
     0.10000     0.05000     3.00000     0.00000     0.00000
     0.20000     0.20000     0.20000     1.20000     1.20000
     0.00000     2.50000     1.00000     0.00000     0.00000
     0.00000     0.00000     0.00000     0.00000     0.00000
     0.00000     0.00000     0.00000     0.00000     0.00000
     0.00000     0.00000     0.00000     0.00000     0.00000
     0.00000     0.00000     0.00000     0.00000     0.00000
Not Used                                                                                            
Not Used                                                                                            
Not Used                                                                                            
Not Used                                                                                            
$HYD_LIB/param.par                                                                                  
$HYD_LIB/tmplatpol.tlf                                                                              
Not Used                                                                                            
.ccf                                                                                                
      --       CA     O     
       0
 150   0 250 255 250 255   0 250   0 200 180 200 100 125 255 255 250 250
 250 150   0 230 250 255 250 250 250   0 180 100 100 255  60 100   0 250
 150 250   0   0 255 100   0 250   0 250 180  80 100 255   0 170 250 250
 249 249 249
   0  60 255 200 110  50 204 255 180 255  60 255 255 255 250 255 255
   0  90 255  50 140  50 204 255  80 255  90 255 255 255  50 255 255
   0 185 254  50 220 200 255 255   0 254 185 255 255 255  50 255 254
 -30.98089 -18.19928  -0.93074   0.00000   0.00000   0.00000   0.28084   0.28084   0.28084   9.50000  -9.50000
   1.00000   0.00000   0.00000   0.00000   0.00000   1.00000   0.00000   0.00000
   0.00000   0.00000   1.00000   0.00000   0.00000   0.00000   0.00000   1.00000
    9  177  910  815    4    0
   10   10  880  144   99    0
  930    9    0    0    1    0
  984   34    0    0    0    0
  932   13  170  350    3    0
  516  862    0    0    2    0
    9  150  666  586    4    0
   10   10  640  115   99    0
  689    8    0    0    1    0
  743   40    0    0    0    0
  688   10  170  270    3    0
  456  605    0    0    2    0
